+-----------+-------------------+------------+----------+----------+-----------------+-----------------------------------------------+-------------------+-----------+
|   Problem | Algorithm         |   Capacity |   Profit |   Weight |   Optimal Value | Solution                                      | Matches Optimal   |   Runtime |
+===========+===================+============+==========+==========+=================+===============================================+===================+===========+
|         1 | Genetic Algorithm |        165 |      309 |      165 |             309 | [1, 1, 1, 1, 0, 1, 0, 0, 0, 0]                | True              |   1.34557 |
+-----------+-------------------+------------+----------+----------+-----------------+-----------------------------------------------+-------------------+-----------+
|         2 | Genetic Algorithm |         26 |       51 |       26 |              51 | [0, 1, 1, 1, 0]                               | True              |   1.28087 |
+-----------+-------------------+------------+----------+----------+-----------------+-----------------------------------------------+-------------------+-----------+
|         3 | Genetic Algorithm |        190 |      150 |      190 |             150 | [1, 1, 0, 0, 1, 0]                            | True              |   1.29728 |
+-----------+-------------------+------------+----------+----------+-----------------+-----------------------------------------------+-------------------+-----------+
|         4 | Genetic Algorithm |         50 |      107 |       50 |             107 | [1, 0, 0, 1, 0, 0, 0]                         | True              |   1.31304 |
+-----------+-------------------+------------+----------+----------+-----------------+-----------------------------------------------+-------------------+-----------+
|         5 | Genetic Algorithm |        104 |      900 |      104 |             900 | [1, 0, 1, 1, 1, 0, 1, 1]                      | True              |   1.30697 |
+-----------+-------------------+------------+----------+----------+-----------------+-----------------------------------------------+-------------------+-----------+
|         6 | Genetic Algorithm |        170 |     1735 |      169 |            1735 | [0, 1, 0, 1, 0, 0, 1]                         | True              |   1.26876 |
+-----------+-------------------+------------+----------+----------+-----------------+-----------------------------------------------+-------------------+-----------+
|         7 | Genetic Algorithm |        750 |     1446 |      748 |            1446 | [1, 1, 1, 0, 1, 0, 0, 0, 1, 0, 0, 1, 1, 0, 1] | False             |   1.42894 |
+-----------+-------------------+------------+----------+----------+-----------------+-----------------------------------------------+-------------------+-----------+